mean 				 = 0.589749
stddev				 = 0.00920088717176092
95% confidence interval	 = [0.39374899999999996, 0.785749]
