mean 				 = 0.59238725
stddev				 = 0.008530755037071758
95% confidence interval	 = [0.39638725, 0.78838725]
