mean 				 = 0.5933452500000002
stddev				 = 0.008739366334395624
95% confidence interval	 = [0.5916323341984586, 0.5950581658015417]
