mean 				 = 0.5924795
stddev				 = 0.009121378747345449
95% confidence interval	 = [0.5906917097655203, 0.5942672902344798]
