mean 				 = 0.5931130299999999
stddev				 = 0.0028968426436589874
95% confidence interval	 = [0.5925452488418428, 0.5936808111581571]
