mean 				 = 0.5933845
stddev				 = 0.01106721474318255
95% confidence interval	 = [0.5912153259103362, 0.5955536740896638]
