mean 				 = 0.5922924999999999
stddev				 = 0.009656878207638936
95% confidence interval	 = [0.3962924999999999, 0.7882924999999998]
